[
    237,
    286,
    225,
    211,
    232,
    273,
    264,
    269,
    151,
    231,
    224,
    236,
    294,
    228,
    272,
    230,
    280,
    173,
    285,
    226,
    254,
    203,
    113,
    181,
    214,
    282,
    246,
    266,
    238,
    255,
    218,
    176,
    278,
    153,
    296,
    274,
    256,
    128,
    241,
    252,
    215,
    283,
    219,
    150,
    155,
    131,
    234,
    240,
    281,
    159,
    292,
    261,
    275,
    216,
    223,
    243,
    129,
    289,
    287,
    163,
    117,
    265,
    291,
    162,
    245,
    239,
    229,
    262,
    220,
    248,
    126,
    185,
    114,
    295,
    290,
    284,
    164,
    132,
    276,
    213,
    277,
    258,
    212,
    244,
    221,
    235,
    260,
    222,
    217,
    263,
    120,
    135,
    124,
    279,
    293,
    157,
    251,
    267,
    167,
    202,
    152,
    288,
    156,
    253,
    165,
    297,
    184,
    250,
    227,
    130,
    257
]